
ct =

    1.0830

Loaded: IEEE_9bus_new_wow_mach_9

=== REFERENCE VALUES (RK4-PINN) ===
Gen          MVA        kV     H (s)   Pm (pu)    E (pu)
G1         247.5      16.5     23.64     0.716    1.0566
G2         192.0      18.0      6.40     1.630    1.0502
G3         128.0      13.8      3.01     0.850    1.0170

=== MACHINE BLOCKS FOUND IN MODEL ===
Found 3 machine block(s).

--- Block 1: IEEE_9bus_new_wow_mach_9/128 MVA 13.8kV
3600 rpm ---
  PresetModel                    = No
  MechanicalLoad                 = Mechanical power Pm
  ShowDetailedParameters         = on
  RotorType                      = Round
  Units                          = per unit standard parameters
  MeasurementBus                 = off
  NominalParameters              = [ 128e6  13.8e3   60 ]
  Reactances1                    = [ 1.68, 0.23206, 0.19, 1.61, 0.23206, 0.19, 0.314]
  Reactances2                    = [ 1.305, 0.296, 0.252, 0.474,  0.243,  0.18 ]
  dAxisTimeConstants             = Open-circuit
  qAxisTimeConstants             = Open-circuit
  TimeConstants1                 = [ 4.4849  0.0681  0.1  ]
  TimeConstants2                 = [ 5.89, 0.001,0.6, 0.001 ]
  TimeConstants3                 = [  4.49  0.0681  0.0513  ]
  TimeConstants4                 = [ 8.0, 0.03, 0.3371, 0.0295 ]
  TimeConstants5                 = [ 1.01, 0.053, 0.1 ]
  TimeConstants6                 = [ 1.3201, 0.023, 1.0, 0.07 ]
  TimeConstants7                 = [  1.01  0.053  0.051266  ]
  TimeConstants8                 = [ 1.3201, 0.0231, 0.3371, 0.0295 ]
  StatorResistance               = 1e-7
  Mechanical                     = [ 2.35  0 1 ]
  PolePairs                      = 1
  InitialConditions              = [0 -36.0034 0.653061 0.653061 0.653061 11.785 -108.215 131.785 1.40359]
  SetSaturation                  = off
  Saturation                     = [0.6404,0.7127,0.8441,0.9214,0.9956,1.082,1.19,1.316,1.457;0.7,0.7698,0.8872,0.9466,0.9969,1.046,1.1,1.151,1.201]
  LoadFlowParameters             = [1 85000000 0 0 0]
  TsPowergui                     = 0
  TsBlock                        = -1
  IterativeModel                 = Trapezoidal non iterative
  IterativeDiscreteModel         = Trapezoidal non iterative
  BusType                        = PV
  Pref                           = 85000000
  Qref                           = 0
  Qmin                           = -Inf
  Qmax                           = Inf
  PLF                            = 0
  QLF                            = 0
  [direct] InitialConditions         = '[0 -36.0034 0.653061 0.653061 0.653061 11.785 -108.215 131.785 1.40359]'

--- Block 2: IEEE_9bus_new_wow_mach_9/192 MVA 18kV
3600 rpm ---
  PresetModel                    = No
  MechanicalLoad                 = Mechanical power Pm
  ShowDetailedParameters         = on
  RotorType                      = Round
  Units                          = per unit standard parameters
  MeasurementBus                 = off
  NominalParameters              = [ 192e6  18e3   60 ]
  Reactances1                    = [ 1.72, 0.23, 0.1728,1.65, 0.23, 0.1728, 0.4224 ]
  Reactances2                    = [ 1.305, 0.296, 0.252, 0.474,  0.243,  0.18 ]
  dAxisTimeConstants             = Open-circuit
  qAxisTimeConstants             = Open-circuit
  TimeConstants1                 = [ 4.4849  0.0681  0.1  ]
  TimeConstants2                 = [ 6, 0.001, 0.53, 0.001]
  TimeConstants3                 = [  4.49  0.0681  0.0513  ]
  TimeConstants4                 = [ 8.0, 0.03, 0.3371, 0.0295 ]
  TimeConstants5                 = [ 1.01, 0.053, 0.1 ]
  TimeConstants6                 = [ 1.3201, 0.023, 1.0, 0.07 ]
  TimeConstants7                 = [  1.01  0.053  0.051266  ]
  TimeConstants8                 = [ 1.3201, 0.0231, 0.3371, 0.0295 ]
  StatorResistance               = 1e-7
  Mechanical                     = [ 3.33  0 1 ]
  PolePairs                      = 1
  InitialConditions              = [0 -29.1799 0.828949 0.828949 0.828949 6.81655 -113.183 126.817 1.78946]
  SetSaturation                  = off
  Saturation                     = [0.6404,0.7127,0.8441,0.9214,0.9956,1.082,1.19,1.316,1.457;0.7,0.7698,0.8872,0.9466,0.9969,1.046,1.1,1.151,1.201]
  LoadFlowParameters             = [1 163000000 0 0 0]
  TsPowergui                     = 0
  TsBlock                        = -1
  IterativeModel                 = Trapezoidal non iterative
  IterativeDiscreteModel         = Trapezoidal non iterative
  BusType                        = PV
  Pref                           = 163000000
  Qref                           = 0
  Qmin                           = -Inf
  Qmax                           = Inf
  PLF                            = 0
  QLF                            = 0
  [direct] InitialConditions         = '[0 -29.1799 0.828949 0.828949 0.828949 6.81655 -113.183 126.817 1.78946]'

--- Block 3: IEEE_9bus_new_wow_mach_9/247.5 MVA 
16.5 kV
180 rpm ---
  PresetModel                    = No
  MechanicalLoad                 = Mechanical power Pm
  ShowDetailedParameters         = on
  RotorType                      = Salient-pole
  Units                          = per unit standard parameters
  MeasurementBus                 = off
  NominalParameters              = [ 247.5E6  16500   60 ]
  Reactances1                    = [ 31 32 33 34 35 36 37 ]
  Reactances2                    = [ 0.361, 0.1504, 0.099, 0.2398, 0.099, 0.062 ]
  dAxisTimeConstants             = Open-circuit
  qAxisTimeConstants             = Open-circuit
  TimeConstants1                 = [8.96 0.001 0.001]
  TimeConstants2                 = []
  TimeConstants3                 = []
  TimeConstants4                 = []
  TimeConstants5                 = [ 1.01, 0.053, 0.31 ]
  TimeConstants6                 = []
  TimeConstants7                 = []
  TimeConstants8                 = []
  StatorResistance               = 1e-7
  Mechanical                     = [9.55 0 20]
  PolePairs                      = 20
  InitialConditions              = [0 -86.3839 0.299344 0.299344 0.299344 -20.3492 -140.349 99.6508 1.08182]
  SetSaturation                  = off
  Saturation                     = [0.6404,0.7127,0.8441,0.9214,0.9956,1.082,1.19,1.316,1.457;0.7,0.7698,0.8872,0.9466,0.9969,1.046,1.1,1.151,1.201]
  LoadFlowParameters             = [2 71000000 0 0]
  TsPowergui                     = 0
  TsBlock                        = -1
  IterativeModel                 = Trapezoidal non iterative
  IterativeDiscreteModel         = Trapezoidal non iterative
  BusType                        = swing
  Pref                           = 150000000
  Qref                           = 0
  Qmin                           = -Inf
  Qmax                           = Inf
  PLF                            = 0
  QLF                            = 0
  [direct] InitialConditions         = '[0 -86.3839 0.299344 0.299344 0.299344 -20.3492 -140.349 99.6508 1.08182]'

=== POWERGUI SETTINGS ===
Found: IEEE_9bus_new_wow_mach_9/powergui
  SimulationMode                 = Discrete
  SampleTime                     = 5e-5
  frequency                      = 60
  Iterations                     = 50
  frequencyindice                = 60
  Pbase                          = 10e7
  ErrMax                         = 1e-05
  UnitsV                         = kV
  UnitsW                         = MW
  buscounter                     = 0
  FunctionMessages               = off
  echomessages                   = off
  EnableUseOfTLC                 = off
  CurrentSourceSwitches          = off
  DisableSnubberDevices          = off
  DisableRonSwitches             = off
  DisableVfSwitches              = off
  DisplayEquations               = off
  AutomaticDiscreteSolvers       = off
  SolverType                     = Backward Euler
  Interpol                       = off
  ExternalGateDelay              = off
  methode                        = off
  Ts                             = 0
  x0status                       = blocks
  SPID                           = off
